0.001 -nan
0.00489844 -nan
0.00879687 9.34205e-17
0.0126953 3.49659e-12
0.0165938 8.78669e-10
0.0204922 2.61673e-08
0.0243906 2.59062e-07
0.0282891 1.35229e-06
0.0321875 4.71584e-06
0.0360859 1.25568e-05
0.0399844 2.76765e-05
0.0438828 5.31656e-05
0.0477812 9.21181e-05
0.0516797 0.000147418
0.0555781 0.000221603
0.0594766 0.0003168
0.063375 0.00043471
0.0672734 0.000576622
0.0711719 0.000743451
0.0750703 0.000935791
0.0789688 0.00115396
0.0828672 0.00139806
0.0867656 0.00166802
0.0906641 0.00196364
0.0945625 0.00228463
0.0984609 0.00263063
0.102359 0.00300126
0.106258 0.00339612
0.110156 0.00381483
0.114055 0.00425701
0.117953 0.00472233
0.121852 0.00521049
0.12575 0.00572123
0.129648 0.00625435
0.133547 0.0068097
0.137445 0.00738716
0.141344 0.00798668
0.145242 0.00860826
0.149141 0.00925193
0.153039 0.00991777
0.156938 0.0106059
0.160836 0.0113165
0.164734 0.0120496
0.168633 0.0128056
0.172531 0.0135846
0.17643 0.0143869
0.180328 0.0152126
0.184227 0.0160621
0.188125 0.0169355
0.192023 0.0178332
0.195922 0.0187552
0.19982 0.0197018
0.203719 0.0206733
0.207617 0.0216696
0.211516 0.0226911
0.215414 0.0237377
0.219312 0.0248096
0.223211 0.0259068
0.227109 0.0270294
0.231008 0.0281773
0.234906 0.0293504
0.238805 0.0305487
0.242703 0.031772
0.246602 0.0330203
0.2505 0.0342932
0.254398 0.0355907
0.258297 0.0369124
0.262195 0.0382581
0.266094 0.0396274
0.269992 0.04102
0.273891 0.0424356
0.277789 0.0438737
0.281687 0.045334
0.285586 0.0468159
0.289484 0.0483191
0.293383 0.049843
0.297281 0.0513871
0.30118 0.052951
0.305078 0.0545341
0.308977 0.0561358
0.312875 0.0577556
0.316773 0.059393
0.320672 0.0610473
0.32457 0.062718
0.328469 0.0644044
0.332367 0.0661061
0.336266 0.0678223
0.340164 0.0695525
0.344062 0.0712961
0.347961 0.0730524
0.351859 0.0748209
0.355758 0.076601
0.359656 0.0783921
0.363555 0.0801936
0.367453 0.0820048
0.371352 0.0838253
0.37525 0.0856544
0.379148 0.0874915
0.383047 0.0893361
0.386945 0.0911876
0.390844 0.0930455
0.394742 0.0949092
0.398641 0.0967782
0.402539 0.098652
0.406438 0.10053
0.410336 0.102412
0.414234 0.104297
0.418133 0.106184
0.422031 0.108075
0.42593 0.109966
0.429828 0.11186
0.433727 0.113754
0.437625 0.115648
0.441523 0.117543
0.445422 0.119437
0.44932 0.12133
0.453219 0.123223
0.457117 0.125113
0.461016 0.127002
0.464914 0.128889
0.468813 0.130773
0.472711 0.132654
0.476609 0.134531
0.480508 0.136405
0.484406 0.138275
0.488305 0.140141
0.492203 0.142002
0.496102 0.143859
