0.001 -nan
0.00489844 -nan
0.00879687 -nan
0.0126953 0.0013607
0.0165938 0.00177842
0.0204922 0.00219604
0.0243906 0.00261354
0.0282891 0.0030309
0.0321875 0.0034481
0.0360859 0.00386511
0.0399844 0.0042819
0.0438828 0.00469847
0.0477812 0.00511479
0.0516797 0.00553085
0.0555781 0.00594665
0.0594766 0.00636222
0.063375 0.00677762
0.0672734 0.00719293
0.0711719 0.00760831
0.0750703 0.00802396
0.0789688 0.00844012
0.0828672 0.00885714
0.0867656 0.00927537
0.0906641 0.00969527
0.0945625 0.0101173
0.0984609 0.0105421
0.102359 0.0109702
0.106258 0.0114021
0.110156 0.0118387
0.114055 0.0122805
0.117953 0.0127284
0.121852 0.0131829
0.12575 0.013645
0.129648 0.0141152
0.133547 0.0145945
0.137445 0.0150835
0.141344 0.0155829
0.145242 0.0160937
0.149141 0.0166165
0.153039 0.0171521
0.156938 0.0177012
0.160836 0.0182646
0.164734 0.0188429
0.168633 0.0194369
0.172531 0.0200472
0.17643 0.0206745
0.180328 0.0213194
0.184227 0.0219826
0.188125 0.0226646
0.192023 0.0233659
0.195922 0.0240871
0.19982 0.0248287
0.203719 0.0255911
0.207617 0.0263747
0.211516 0.02718
0.215414 0.0280072
0.219312 0.0288567
0.223211 0.0297287
0.227109 0.0306236
0.231008 0.0315414
0.234906 0.0324823
0.238805 0.0334464
0.242703 0.0344339
0.246602 0.0354447
0.2505 0.0364789
0.254398 0.0375364
0.258297 0.0386171
0.262195 0.039721
0.266094 0.0408479
0.269992 0.0419976
0.273891 0.04317
0.277789 0.0443647
0.281687 0.0455817
0.285586 0.0468204
0.289484 0.0480808
0.293383 0.0493624
0.297281 0.0506648
0.30118 0.0519877
0.305078 0.0533308
0.308977 0.0546935
0.312875 0.0560754
0.316773 0.0574762
0.320672 0.0588953
0.32457 0.0603323
0.328469 0.0617867
0.332367 0.063258
0.336266 0.0647457
0.340164 0.0662492
0.344062 0.0677682
0.347961 0.069302
0.351859 0.0708501
0.355758 0.0724121
0.359656 0.0739873
0.363555 0.0755752
0.367453 0.0771753
0.371352 0.0787872
0.37525 0.0804101
0.379148 0.0820437
0.383047 0.0836874
0.386945 0.0853407
0.390844 0.087003
0.394742 0.0886738
0.398641 0.0903527
0.402539 0.092039
0.406438 0.0937324
0.410336 0.0954324
0.414234 0.0971384
0.418133 0.0988499
0.422031 0.100567
0.42593 0.102288
0.429828 0.104013
0.433727 0.105742
0.437625 0.107475
0.441523 0.10921
0.445422 0.110948
0.44932 0.112688
0.453219 0.114429
0.457117 0.116172
0.461016 0.117915
0.464914 0.119659
0.468813 0.121403
0.472711 0.123146
0.476609 0.124889
0.480508 0.126631
0.484406 0.128371
0.488305 0.13011
0.492203 0.131847
0.496102 0.133582
