0.001 -nan
0.00489844 -nan
0.00879687 -nan
0.0126953 0.000591439
0.0165938 0.000773025
0.0204922 0.000954588
0.0243906 0.00113614
0.0282891 0.00131776
0.0321875 0.00149971
0.0360859 0.00168249
0.0399844 0.00186689
0.0438828 0.00205398
0.0477812 0.00224498
0.0516797 0.00244126
0.0555781 0.00264418
0.0594766 0.0028551
0.063375 0.00307528
0.0672734 0.0033059
0.0711719 0.00354803
0.0750703 0.00380261
0.0789688 0.00407047
0.0828672 0.00435235
0.0867656 0.0046489
0.0906641 0.00496066
0.0945625 0.00528813
0.0984609 0.00563174
0.102359 0.00599188
0.106258 0.0063689
0.110156 0.00676312
0.114055 0.00717485
0.117953 0.00760436
0.121852 0.00805194
0.12575 0.00851788
0.129648 0.00900245
0.133547 0.00950594
0.137445 0.0100286
0.141344 0.0105709
0.145242 0.0111329
0.149141 0.0117151
0.153039 0.0123178
0.156938 0.0129413
0.160836 0.013586
0.164734 0.0142521
0.168633 0.0149402
0.172531 0.0156504
0.17643 0.0163832
0.180328 0.0171388
0.184227 0.0179177
0.188125 0.0187201
0.192023 0.0195463
0.195922 0.0203965
0.19982 0.0212711
0.203719 0.0221703
0.207617 0.0230942
0.211516 0.024043
0.215414 0.025017
0.219312 0.0260161
0.223211 0.0270405
0.227109 0.0280903
0.231008 0.0291653
0.234906 0.0302657
0.238805 0.0313914
0.242703 0.0325422
0.246602 0.033718
0.2505 0.0349188
0.254398 0.0361443
0.258297 0.0373942
0.262195 0.0386684
0.266094 0.0399666
0.269992 0.0412884
0.273891 0.0426335
0.277789 0.0440015
0.281687 0.0453922
0.285586 0.0468049
0.289484 0.0482394
0.293383 0.0496951
0.297281 0.0511716
0.30118 0.0526685
0.305078 0.0541851
0.308977 0.055721
0.312875 0.0572757
0.316773 0.0588486
0.320672 0.0604391
0.32457 0.0620467
0.328469 0.0636709
0.332367 0.065311
0.336266 0.0669665
0.340164 0.0686367
0.344062 0.0703212
0.347961 0.0720193
0.351859 0.0737304
0.355758 0.075454
0.359656 0.0771894
0.363555 0.078936
0.367453 0.0806934
0.371352 0.0824609
0.37525 0.0842379
0.379148 0.0860239
0.383047 0.0878183
0.386945 0.0896205
0.390844 0.09143
0.394742 0.0932463
0.398641 0.0950689
0.402539 0.0968971
0.406438 0.0987305
0.410336 0.100569
0.414234 0.102411
0.418133 0.104257
0.422031 0.106106
0.42593 0.107958
0.429828 0.109812
0.433727 0.111668
0.437625 0.113525
0.441523 0.115383
0.445422 0.117242
0.44932 0.119101
0.453219 0.120959
0.457117 0.122817
0.461016 0.124674
0.464914 0.126529
0.468813 0.128382
0.472711 0.130234
0.476609 0.132082
0.480508 0.133928
0.484406 0.135771
0.488305 0.13761
0.492203 0.139446
0.496102 0.141277
